5391
3268
5526
5216
4467
7977
6416
5554
6314
4019
1415
4569
3471
4265
895
5371
2323
2710
4890
6372
8481
8887
5718
7463
1269
6620
5620
3658
6930
2699
5360
7985
8742
3301
6306
3483
4324
1823
651
2066
8283
2578
362
7827
8677
559
8411
538
8495
7719
8778
6217
2973
3643
4080
4454
7453
8749
7047
4630
2208
5365
6733
7769
8736
7241
7866
4213
4450
7025
7322
8891
258
1029
3077
3703
701
4576
3253
6883
8995
5348
6296
2588
5484
1462
6133
5732
198
5354
8524
5299
4010
8152
6773
6222
3578
4937
7650
1792
8932
4066
2363
7232
8581
5345
6102
2042
5726
1813
6139
2187
1940
8597
4815
8344
1775
4189
8789
191
5802
6471
141
5096
4723
177
8285
4686
6542
402
2788
2860
5714
970
2167
4955
8550
6600
455
6353
2075
3628
2991
5581
6076
3311
8058
1720
3562
6865
5528
4507
6121
3968
3980
8411
8252
5084
8723
6962
3912
6415
8955
2360
2399
8489
8779
8460
4353
1047
8520
7951
3899
6358
5391
5459
8870
4279
552
4253
7802
7079
7749
6298
5620
6560
7769
6215
8165
3425
8542
4246
5246
5164
8036
1434
471
5399
5154
3592
2189
2513
4628
4245
483
2470
8843
4747
5139
1338
2901
5508
8278
1148
7403
5701
6984
2131
310
5635
8917
493
8209
1599
1337
2661
7128
5142
121
3794
1393
585
7813
5459
3725
1763
8067
7579
4346
5944
2253
4361
4872
1334
5668
459
5878
1936
8547
5795
2487
2606
2082
8970
4603
6846
252
6913
3377
1244
5840
426
6949
7867
2703
7530
7181
1228
2114
1092
169
5694
6672
6472
8540
5464
181
3393
6276
7751
6324
8190
5083
4849
2476
1317
7885
4724
8253
3232
2235
6195
7706
368
1516
6532
6224
2967
1366
2902
2469
3264
196
8250
3437
3267
7727
1144
6991
2020
6906
1460
3298
3720
4379
6220
4867
1152
5325
6969
1037
2604
5940
6708
375
5297
4911
5583
4194
4524
187
1398
8688
2145
2380
4091
3747
2542
7423
7629
1241
6463
976
620
2920
7071
6940
6386
608
8494
941
6979
1669
5885
6176
3029
760
5019
109
4157
8997
8628
3862
4010
5288
7324
4070
919
7236
1122
6504
6318
1684
296
3304
8969
8985
2104
5475
59
7279
1844
6382
2847
6052
3081
7540
8154
1202
3678
1264
5462
4267
7095
424
7039
3828
4671
2417
2456
8703
3633
4912
8962
7309
7289
2716
7719
5925
2184
5226
3506
1560
3400
6568
182
6828
589
3444
2258
1581
8231
8041
5342
4899
7139
1259
2110
4251
741
7011
373
2870
2654
7804
1378
515
8856
3747
1042
1301
1121
7165
2472
2155
8322
6431
7043
8424
6377
7882
5741
2887
2002
5830
276
7117
6730
67
818
2221
460
4145
2157
6048
3018
6531
4398
7288
6443
2447
6829
846
8093
2576
6488
3284
2407
425
7830
3125
1959
6040
3235
7722
3792
1664
2084
5039
4201
864
5963
7271
6525
1286
7723
2938
3889
7489
1564
818
2316
3994
5792
5222
3523
1552
4273
3002
7539
5115
7166
7573
317
2091
1355
526
7012
2994
4447
8757
7371
7459
2716
586
3884
3779
8505
6001
3691
468
2894
1694
2299
6245
1630
2879
7953
279
2823
7084
5474
7426
8515
243
2967
6931
2098
5315
3962
7795
1259
1938
5933
818
6631
716
1354
2209
5503
7980
5919
8329
1961
565
5293
1638
7599
7612
7438
1287
6412
787
7346
1024
3312
1685
4392
3683
1590
416
7192
6897
5941
5302
2305
667
4269
4489
2812
2732
5039
3447
3188
5560
3612
7936
6001
2954
921
4669
7386
7917
4136
6816
5210
8677
3828
3164
8535
7204
5130
1405
4688
7067
7238
4250
5261
1665
3138
8119
6946
4020
1507
1376
3888
8304
1450
1168
3241
1443
6632
6599
783
3368
6653
5144
8359
7961
1361
2048
7602
5676
1841
1708
1882
6943
8018
4290
4448
8665
4743
8364
3075
923
1662
5319
4806
7345
3847
8547
8984
3589
8436
1577
6556
89
6382
2039
1114
8507
5323
5276
2925
3619
7013
3845
4656
7549
6560
7598
6477
3106
8256
6366
354
666
2978
2521
4579
6693
8408
6796
4498
1838
2330
5456
1173
6437
524
8773
8892
1117
6952
297
7029
3596
5791
4747
7666
1219
6817
2885
5054
8407
5706
3809
2847
7076
1033
4363
2137
2154
40
5371
7741
7660
3997
5095
4083
1315
6617
6677
5506
6732
7364
5847
1650
1418
1534
826
694
7792
4579
5320
863
3758
6047
4406
2314
1733
855
3060
8089
4911
2946
967
5548
3305
3732
8682
7522
8753
7711
6849
235
7896
1989
2536
1919
8576
4378
8981
5300
2226
6913
360
3726
7673
6705
4318
753
5641
7264
813
3595
7643
4483
489
4979
8762
1959
7646
4266
7202
300
8529
2196
2254
2420
8885
4892
4658
7034
1770
854
3847
4167
7149
7129
4868
3465
6635
7821
5165
4342
2305
4547
8876
8442
6741
7976
2347
3957
689
8087
7075
5494
5349
4638
3406
5866
2803
3068
7632
3298
3252
279
3156
1566
4582
2130
4989
3419
6956
8575
3066
2457
3728
8190
4242
2103
446
5943
2055
8892
7199
6911
4275
4510
2360
4653
2513
4500
8897
4951
4390
1410
8317
8628
8454
2068
158
3875
6306
3814
8994
7961
227
4219
7971
3599
6420
3978
4981
3142
8201
3591
2449
451
7718
6523
2104
5043
8059
1136
177
1614
3628
8665
5014
6590
52
3602
1391
1445
1185
8321
4976
8359
7850
7626
8450
3005
4374
5227
4376
1835
2858
6456
1699
4366
8318
4719
5211
5870
8663
2022
8313
4021
4797
7137
3657
6300
943
5158
3651
3770
8764
8589
8813
8980
3889
6737
3917
1720
6600
1414
4988
7893
5910
8776
2958
2721
7629
8083
6988
2144
232
1192
6338
5343
7473
8422
480
6854
5248
3747
5479
612
5945
5604
5684
8047
5378
6372
4289
5738
8625
1469
1581
1053
850
8834
6602
419
7922
8763
3656
622
3078
1903
5104
3694
6623
519
1303
1358
5713
3116
5815
4991
7186
618
8671
1421
4770
18
2878
201
7153
4326
8568
3648
7172
5586
6951
4282
5843
6147
2751
139
4002
7995
8766
5813
8009
403
407
961
5017
1307
4996
3221
1077
5832
3312
7662
2576
6444
5035
3482
4156
2730
6297
962
7311
2191
4167
6448
8041
8464
4750
5176
535
3700
758
2998
3980
4921
2137
1758
6346
2087
1082
5021
5998
7662
8334
3084
1608
642
3852
8593
3218
1159
7231
6674
3897
6894
356
3150
8210
7744
7766
6391
4770
4008
725
8249
5078
2678
7727
917
541
6460
2879
6062
8107
6988
1902
5330
1445
4809
3609
8107
1410
5708
8853
6844
1373
3604
316
5962
2610
3204
1530
8390
4475
2599
5428
6337
6890
3360
3494
2813
3600
5282
665
2406
683
4199
5321
933
4878
7063
5086
7953
306
700
6535
7836
3773
7719
544
2366
4145
8137
5033
2540
5292
6500
5991
1286
6157
5703
597
8255
7092
6341
1482
5276
3762
6481
7598
7768
2257
5356
8642
3645
8041
5498
5490
1782
4729
2260
6048
4949
6645
7300
1773
7051
4639
1168
5207
1691
8008
8414
2286
1834
2989
6459
4263
8831
2283
8947
5507
4660
8196
414
4074
900
3320
3840
4585
3779
897
5085
1174
4530
8691
7675
1533
6744
1569
3885
1016
6076
5311
1344
2927
1097
2004
3433
3369
4458
2911
8173
2143
3152
7108
6585
2606
3342
8152
7
3774
1588
4107
7191
6349
2546
4152
961
6105
1702
1650
4346
1642
258
1560
1927
2999
947
5229
4376
7298
1111
3115
8258
7170
7879
8161
4466
601
6412
47
4349
6545
728
1092
2919
7569
7788
5536
3246
2962
4678
5631
432
806
654
8107
8914
4597
1422
858
7681
116
4831
6971
4705
3558
6018
8950
2770
7616
1633
4179
7800
840
6244
7648
4672
3670
4796
659
2038
5660
2760
5755
7435
7798
1304
1689
4553
8391
1889
6229
181
4487
3244
6320
861
3822
4800
4432
5483
4959
5698
2492
374
705
7224
6882
3549
2677
6319
3225
2632
5152
4489
202
3640
6553
8468
3582
347
1898
5271
5708
2702
7092
4887
1141
2722
6852
1935
4359
421
3590
1392
8339
1150
3520
1173
6971
5273
6764
6957
5519
6030
8606
6923
5352
1896
1662
4384
3489
1519
3672
8142
7297
1605
920
1149
2062
4778
7797
7035
2815
1543
960
1222
1737
7932
6177
7764
3730
8360
3198
7872
3084
4893
8093
4382
7412
8464
4450
5581
6693
3840
1900
6759
881
5257
8876
3133
781
1176
2130
1310
4571
1875
4739
7261
8741
6988
3612
1378
8356
6877
7914
5534
1256
575
2560
4114
6215
7315
1497
5605
2656
3785
731
6606
2271
8887
3727
7896
4039
2353
2995
3328
4448
8952
550
7628
2089
332
6260
6383
491
2169
5869
22
5364
5202
3755
8952
8797
6522
5348
8155
2993
2157
1705
5801
6539
323
8763
4152
2539
5256
377
8493
1353
2494
406
4777
4040
4488
456
6819
487
8513
4014
6645
5096
5134
4784
4055
4252
1390
6079
2719
4871
1054
3524
1402
6930
2835
2545
4671
946
2925
1113
2804
7258
3725
7881
7427
5983
1881
3690
78
2708
2624
1147
5822
6076
5850
6232
6573
3616
8670
6989
8590
8583
1195
4645
6417
1841
8167
4243
8479
2412
623
1254
2548
7
4365
4352
6
1260
5863
730
5984
6638
3372
2061
3114
4830
3674
2823
2726
3385
2860
4725
6942
3807
6512
8598
4320
5128
7541
573
139
3870
7982
4113
4668
5822
2200
929
613
3987
8685
7802
1171
2033
8804
5534
1028
7895
4455
2437
6715
3694
4526
7041
8743
4607
3311
2709
4583
3491
7732
2490
4226
6335
3718
3137
3830
6836
4664
8731
2289
8728
3578
4016
2116
4534
543
5802
6988
4625
3170
4317
3943
1079
181
6879
5405
5716
3896
7300
3890
3660
7182
5699
279
1871
1698
6005
3080
3775
2238
73
2704
535
4191
313
8112
7127
400
3557
286
7351
6412
8011
5821
1184
4152
8889
8510
7968
7066
1199
1497
8925
1286
6759
8764
7012
2013
3469
5567
6076
5855
6216
2576
4949
6956
3731
6120
5499
3287
6973
1327
3819
1269
5004
4868
6389
5754
7510
5339
2155
1537
8176
6577
8167
3791
1938
1690
4570
7096
388
5769
8581
8687
3207
922
2058
1539
7572
2749
7228
269
210
5703
3477
1323
4753
193
2430
2878
6054
793
2468
6041
7960
4889
4767
8141
2863
3731
1587
2685
5622
6066
3543
6196
6626
1641
1233
3859
1225
8384
6381
3305
226
3750
6743
397
7824
4787
1142
4044
1681
8587
8758
6708
3039
7348
5147
5474
6818
78
2387
1604
323
3191
1544
2333
4720
2701
5562
6474
5346
3691
3890
5307
8061
5409
1266
4837
3330
1511
6619
1928
5235
2149
4944
4055
3311
4261
4952
3491
1252
5216
6730
8105
2908
4816
3171
5667
924
3530
2633
2280
467
2243
2314
7423
3604
2686
5943
2082
8516
7976
1543
1570
7930
6006
7355
7957
4063
6687
2620
8154
1034
3148
7577
1632
3632
2148
5284
3570
637
5773
7568
6967
4396
1173
7262
6586
3639
5994
7422
7230
8945
6739
4364
4247
6260
8117
5958
6251
7459
4610
3686
3266
1212
6554
8529
4055
8126
3975
2580
2556
23
2774
310
5753
5904
1894
1043
6436
2716
1776
1710
2807
6146
7771
8532
4617
5012
7671
6116
1619
7116
2675
2614
4273
5448
3249
6413
3793
2261
1497
180
74
1215
8790
6365
8531
4830
4051
2174
1305
5101
7210
4464
3348
886
8873
8567
5154
2908
3530
4839
2887
2380
531
6225
4124
3124
7961
5394
2405
3533
1795
7776
6501
8431
6076
4665
3024
4366
8189
1948
3393
4433
1467
8415
601
2146
855
8526
5452
8811
781
3210
5269
7103
1857
7952
2738
2351
453
8921
5840
8065
3509
8832
7710
2687
2781
7915
8945
7935
2072
8846
6913
5169
2859
8877
2662
8461
7951
2080
3997
1969
2650
1137
2866
798
7864
6686
2769
7387
8947
8674
7600
1550
8667
31
4519
7553
3430
428
1855
8496
8369
5755
4685
5712
8893
8751
734
4594
6302
4591
1678
2989
1835
2121
2882
1501
8005
5106
6493
6651
3047
2679
190
1785
997
5422
1308
3273
7731
5383
8797
7985
6028
2616
7466
3324
6449
4345
6255
8587
4246
5135
1137
53
4506
383
4172
7538
4473
8511
2569
2993
7324
7033
8516
2786
151
7820
8138
5334
1754
1846
7159
5625
8872
3431
4778
343
2541
7957
7152
4287
2523
7483
3498
5210
2855
8612
412
6127
3641
4094
172
6233
908
4409
143
1425
7500
7919
5060
3626
7484
2319
66
2542
7076
8393
1144
806
7552
6165
6150
4378
4314
4517
3793
2709
5179
7598
8848
86
7058
8517
4161
3033
3861
6598
4865
4588
25
7870
8271
5505
8684
7311
5701
8291
7689
3262
8176
8129
7403
4207
8550
4217
7187
629
4608
3904
4188
6317
6273
1036
5943
1156
2808
861
3809
8682
7869
5656
4968
4971
3478
2697
3647
8274
6162
8108
3531
4543
3657
8474
912
7516
6991
1213
5126
8474
7607
7237
1234
1528
7868
29
3563
103
1258
1380
1196
4283
6397
688
4607
2903
4742
3437
5962
7950
4851
2768
5128
2627
2590
6292
8290
4570
6452
2717
6754
3855
4942
5727
3645
580
8855
2794
345
7496
2050
5889
8382
1684
3750
7861
1598
2897
2785
4494
1024
434
6369
6174
4193
4410
8235
1888
2724
1548
1254
6010
169
2329
4433
219
8555
7382
7877
5272
5186
2346
6924
1738
4008
655
7814
8338
7409
5699
305
6255
1935
767
36
2878
8190
7678
3019
911
1941
5004
1863
3353
8457
5951
3447
4637
8719
7028
1532
234
4312
1595
3807
7031
3651
7697
5866
7204
3873
3101
3814
3281
4523
7675
6725
8728
1005
1755
5023
2822
8795
8553
2472
8254
6512
3624
8173
3391
5556
1883
614
8551
2989
776
8886
1133
5093
5665
1547
8754
1883
7353
7374
6155
1301
7613
2560
8159
3315
7612
223
1573
1187
2317
830
1848
6459
641
5254
2238
3654
6305
8363
1410
8125
2547
8281
7707
1918
4364
6489
5820
8689
4135
2668
7681
8094
899
6447
4140
426
5693
3606
8054
4885
3040
6381
3851
1868
4589
1132
1640
4705
5106
4688
7501
8464
3022
2250
7182
2644
4591
3045
5843
8022
3096
8918
5193
5522
7012
2556
6226
3755
946
2987
7430
6329
7567
8122
3852
6938
5459
5193
3227
621
5681
7515
2056
2126
3138
5925
2648
3064
733
8803
7373
7900
5331
3750
4694
7418
840
536
3348
5508
7488
1684
1217
217
197
6832
4865
7775
248
6375
1928
2596
1082
4194
918
3695
3851
7533
8519
271
3939
670
2770
2068
5879
1450
3987
8070
1275
7773
4869
7623
3452
8680
2579
8311
269
4098
5001
4778
920
7518
6980
5325
970
4459
1923
2943
2877
7110
8597
4903
1055
4112
1799
5194
3539
6099
1379
2162
2006
5038
42
2344
3048
8915
8304
1215
4120
5991
4570
1998
1200
6749
81
2486
6705
7952
3848
7757
3609
8062
8029
4442
981
6906
311
5365
8107
6932
914
1240
1732
5249
5092
3235
342
5556
1923
134
633
1253
6366
1922
918
4512
5464
1006
8571
4057
4301
3377
5003
978
5118
7953
7429
607
475
2467
1106
4344
2797
3370
5546
5891
584
5970
317
5617
723
5237
8095
6394
5423
6874
6113
4514
4650
91
5247
5642
6626
4360
3375
4041
7738
5117
4911
3231
4657
6242
7708
5814
4035
10
8496
1686
8996
3488
7240
2042
2791
7496
7488
2684
400
6435
1643
517
424
5825
5402
8006
8462
5017
6223
5371
4191
5321
1987
61
5791
4653
1539
6234
281
534
7909
2237
5087
8510
5334
4204
7214
5004
4475
837
5305
5625
8799
4782
5561
926
6076
5205
8269
7703
5813
371
5119
579
8832
6667
5088
7929
7512
2431
3108
6887
2285
6144
8815
2621
7343
3987
6451
5425
2687
4338
5110
7372
434
4712
7084
160
4445
6425
8401
6698
1667
6375
3423
5302
1246
4916
4705
2254
6794
2358
1246
8806
1162
1665
4014
1874
857
3408
7743
2907
6681
8165
6267
3925
5526
5996
8088
938
3482
8160
4481
8813
1311
4324
5708
8905
8575
8552
4938
710
2967
5590
2293
4762
7060
2066
3650
8850
3039
2383
4968
8200
257
1399
3750
4416
4988
8015
6996
7635
5182
2300
1394
7206
3794
2736
5984
8989
1337
5973
4369
5247
3090
7555
6454
6327
8310
3778
7853
30
2162
6857
4886
4332
4842
5418
2703
5256
2573
436
8018
434
3034
3533
6148
3015
1159
5763
4523
1037
5899
8865
4544
1132
7741
6614
4689
7192
1343
8207
5062
6061
7851
5973
3450
5631
4181
5434
6948
3706
6429
7006
7673
8514
6455
4183
3942
366
1171
4272
7511
6032
2824
5353
4102
4404
7544
5684
8545
6088
3334
766
8556
1095
3460
564
4025
7057
4316
2563
4933
7246
8834
5560
6431
8593
3149
2678
8919
5841
8222
849
3802
8388
4126
6142
4588
7927
5482
3187
4791
4729
4170
5308
8820
7225
5311
1207
2640
4051
8512
981
871
5146
3410
2989
84
2985
64
1410
6552
1673
1543
8035
8678
7673
2333
3087
8986
6774
3087
8445
5604
5396
4469
5556
3609
5877
7713
1543
5282
68
6898
5829
6192
8755
4983
4306
2461
502
7255
1020
1504
1598
7898
7441
6690
4840
2741
7909
413
2909
28
3809
6493
2168
3298
466
3834
1989
8164
348
1012
3910
4079
8979
7299
8155
1177
5977
3704
1124
4604
2607
5186
1944
1
1818
3990
5625
7007
7379
3688
4154
4693
3630
1755
7941
8052
1376
8408
4701
5329
1785
7284
5705
2049
8076
2515
7854
1813
5115
4929
7546
6030
970
2589
4170
4182
4217
1282
547
1876
219
6434
1439
8970
6110
4353
4739
8734
928
2773
3698
3928
2026
5882
8266
4566
6964
8054
3654
5870
6578
8253
5449
3901
4327
636
5771
8608
5340
5740
8499
8627
5328
2279
6225
708
8937
321
1161
8587
3667
5656
2518
2315
92
5250
8789
6692
7038
5173
8196
2746
7783
6544
4999
6777
1201
3663
8152
5388
108
4768
5303
4460
1430
3665
747
1017
1366
2403
6927
2646
4853
4360
2789
8306
8167
8511
3818
8770
3402
1187
6065
2323
1974
6242
3883
3281
8769
7287
14
5
396
7051
3537
5172
6657
8153
5538
3746
3355
2117
8481
1703
2209
2620
7351
1438
6294
3926
2174
6295
7445
8221
6253
3202
7781
3756
4578
1438
1162
2514
6164
8948
4433
5971
3512
1573
5659
2664
7099
1778
2122
8660
7342
6220
4163
3311
1687
8615
4009
4821
4076
8520
1807
219
8964
6396
5748
4146
3677
6362
480
4820
8938
3298
1264
5209
53
4508
441
6157
6178
6198
258
36
3975
86
8264
234
8456
2502
4735
1099
6584
5461
3606
8862
8632
2282
7975
7662
3641
7824
693
2670
978
3424
8800
5545
3834
8221
5032
1880
7501
5041
2325
2875
778
4150
7519
1520
4778
7363
6781
205
6779
7557
6746
3507
8044
3781
8165
3562
8077
7612
8995
363
7756
8450
4493
5774
4630
5551
823
1638
114
7107
8480
8632
3223
7044
1923
3831
5916
791
4773
5873
8561
8247
7310
6282
153
2543
7119
4720
2970
3837
3690
7013
4567
3060
1018
1610
3252
6060
1696
1271
745
3630
6665
2489
1057
513
3909
8671
6700
1396
7868
4502
7567
1047
6362
7339
2390
5624
6512
485
2243
1801
5381
5220
1412
2644
7263
5756
6357
2830
81
3969
3637
93
4129
6041
8605
1767
1151
8499
8195
7370
818
2518
6798
171
7561
6634
1332
6248
3656
6246
224
5462
8590
141
4365
7113
2221
4431
1211
2193
2704
1
3297
3806
3608
2568
8461
6340
3717
937
3620
2076
8001
275
3655
5557
857
7033
4232
6837
7674
8840
2777
8141
7721
157
619
1182
8760
6656
3614
7220
8538
6271
8953
8884
7416
4197
7366
1184
2766
4565
2688
6823
7436
3088
1396
8742
7882
4901
2004
2342
2965
8395
3280
5497
8652
6160
7780
6196
2514
739
3716
7105
2344
1021
6136
5149
3106
308
1247
1824
3746
730
7575
7763
4758
8783
885
3338
7855
944
1362
4694
293
2808
6855
8030
8975
3865
3507
2011
2992
1982
2303
1057
7721
2779
6941
1917
8440
6007
1006
6156
7589
8105
726
3890
1266
5943
7991
5577
2555
356
667
2366
5476
8991
145
5924
8046
1895
654
1874
5041
1607
4584
1257
5027
362
6799
3516
4906
2372
8971
4158
6895
7003
5499
1777
3611
3154
4836
6881
178
5595
6773
7669
8727
3392
910
3567
7555
5187
1400
7881
6791
7165
5231
4713
5671
4748
8522
7957
1700
125
6230
2408
3227
3226
991
3883
1958
6206
6911
8172
6715
3755
7032
935
6886
8507
1679
71
8448
2958
7596
957
6898
5809
1843
8405
3872
6093
1394
7130
5220
8004
78
181
7380
2793
6146
1779
2710
4443
2856
6243
8936
1863
5904
1313
371
116
1408
7758
1644
6837
2367
7467
437
7954
8301
7318
4162
2827
3894
4788
41
4667
7294
4197
3340
2152
7464
5565
3807
3766
6553
8500
6958
2463
4664
863
4496
8169
1565
8373
589
1813
7275
174
2491
2779
6756
8337
2697
5215
4258
4729
4988
3396
6029
7305
6923
6388
1652
6717
3938
2819
3636
5479
6353
7132
6323
6388
1747
8545
2086
6936
2313
585
4404
8614
4767
3228
5576
6009
4818
4505
379
7936
3284
3583
2080
437
6327
5681
752
3216
7727
6271
6763
2158
5217
5934
7876
6437
8616
261
4725
1860
5465
4651
6699
362
416
2068
3089
5047
6241
4135
264
3246
8744
8211
8710
5019
2153
150
8048
6742
5961
2510
4712
4568
4807
2234
1819
7971
938
170
2927
497
3021
421
8153
673
5237
3524
8372
4372
7939
7757
1664
2898
5699
4599
7122
7670
1268
6348
1587
1299
4708
961
3668
7189
4850
8834
1611
4964
4624
1245
6315
990
2971
8531
400
6097
2392
2702
3684
2431
8308
4426
1027
2478
3519
7222
4023
5071
8162
2198
3829
5363
1239
3242
7751
5773
7853
512
3060
6378
214
8447
2654
5764
4359
4369
6309
7337
7566
6000
8107
5165
306
4343
3838
7934
7310
2376
8371
4512
2836
8898
5927
4756
5193
7143
4228
7598
5257
8570
964
2754
8531
4312
7475
6910
7343
3115
8847
4728
4080
6554
1731
42
1028
1513
3487
379
8321
4505
3353
888
807
442
7177
2695
2406
2709
8439
3834
3942
225
7851
7110
4461
2246
4683
8607
15
2250
4324
6165
4620
1001
2621
3463
2099
8627
7835
692
2662
1358
6108
6718
4320
3079
2876
5206
4483
5454
8154
8591
6105
2174
7119
4280
495
8025
3322
2044
3400
2360
2579
1301
8775
7461
4211
6002
7646
4260
2549
3801
299
1119
2993
8074
7593
3803
1803
5397
7557
5245
6010
2444
8030
2807
5793
8803
3872
8307
5974
7589
6625
3976
8555
2165
4998
8397
1649
7417
6996
4431
7917
8919
2423
3857
2187
4064
5221
5257
2254
4457
3331
243
7908
7835
1178
7856
1874
6734
5378
8431
6876
7890
7621
4980
2843
6332
5814
8017
2138
257
5793
214
4835
210
4157
6534
7468
1411
5423
834
7145
3749
6807
41
5186
2211
3954
4300
2803
4502
6668
6248
1848
672
4480
8532
7218
8338
4152
7751
1893
7144
7596
4674
4955
2626
4184
2341
7989
6255
2712
4634
3204
8387
8016
3643
8910
2375
8485
815
662
7880
7158
8279
646
4320
7470
8436
1638
3529
7704
412
6844
2300
6438
1384
4064
8739
1452
6025
7605
5544
8279
64
6207
1091
8810
362
3244
4743
4560
2329
4343
6222
3564
3611
5988
1760
5979
4395
1196
2950
8072
2069
1683
2210
1919
7878
7729
4629
1734
6077
7737
2642
3358
1600
1183
5572
1821
2201
1714
3172
1104
822
580
4771
744
7127
2061
3377
4465
5960
6198
2722
774
8630
3433
6301
5723
2466
4032
7359
1538
3699
8074
4117
3175
8855
7829
274
5034
157
4544
3193
941
394
3541
3128
7874
7318
4328
4111
8676
6895
5441
5859
8387
4986
6243
94
8989
3183
6021
3202
7304
7879
6988
6999
2237
3280
4179
8463
4604
7555
4054
2894
8472
5067
7487
902
8525
8019
7616
3328
2712
3787
1045
5492
1305
2696
2348
8909
7963
1361
8226
3640
1972
3792
1347
4227
6992
8141
5825
2470
5342
5658
109
2322
5389
4280
1392
4071
259
3959
5425
4535
5215
7637
4959
724
4866
6245
7215
7672
1340
8909
3462
3369
2131
5781
6462
4536
2393
1515
8723
6935
8432
945
5858
8457
4464
8486
4071
8399
4717
2631
2385
5697
7711
8781
4492
4363
8740
7206
3974
8286
7651
581
126
398
1726
2859
707
1348
1744
2352
5809
5878
8802
8020
1627
4294
5353
3976
2349
1249
5853
3242
4806
6969
5877
8402
4621
1345
833
8983
5054
626
3415
7268
1223
1349
6904
1605
2952
8466
7388
7107
8088
6313
8699
2476
8311
1453
3047
7814
314
741
8004
8572
3470
696
5858
8640
7418
6049
6350
4355
2749
40
8583
3566
2458
4705
6212
7004
4632
5137
3229
3012
2971
6669
4903
614
8074
5018
1639
4318
6227
5688
8365
6043
4571
3293
2513
6603
5029
1808
380
6378
1450
3729
8011
54
568
3829
2941
5973
7837
7986
1577
7565
4664
2227
2286
8939
4238
3183
5363
7023
8907
5944
7637
4251
5264
4378
6845
8933
1586
4763
1928
4812
3758
8467
1493
6168
540
4194
77
8093
7360
4777
3007
8972
572
4362
1440
1371
3086
2906
5875
1745
1160
1894
5789
1787
5529
907
8341
5977
784
7016
8844
6462
5842
3753
4902
1941
439
8613
8197
7852
3888
8398
7737
7609
8333
5959
6461
5341
631
7564
8216
1500
6218
2562
8291
4375
4546
1333
1473
6941
1510
7302
4201
5822
3596
6865
23
8259
5221
6009
2508
3013
4598
6738
268
1957
6163
2187
515
6072
6361
1118
322
2337
6727
2530
4829
7860
3253
5342
4715
4528
2931
8326
7433
4999
7818
7098
2088
7179
4164
1086
5654
5392
7868
321
5516
1950
4150
8816
5269
5220
5016
7512
7892
5228
584
7161
4670
8267
6515
510
6961
2487
7362
5607
1247
5346
4969
8852
4542
1427
7507
8727
860
4607
5873
7498
630
7121
6853
259
969
6604
1306
7244
7340
1417
5878
1110
88
6065
4458
7232
3323
206
3879
6739
2516
1306
5800
4212
7961
5519
6012
6936
5814
6227
5965
8488
989
2386
5071
1972
2036
3496
8753
1245
8218
2971
3559
6414
5994
4271
488
7301
8565
6570
5032
1360
2550
6496
6785
4931
1832
3333
3447
2768
6968
5302
1276
5747
5762
4041
8708
1620
3871
5652
5877
6720
7314
4915
7721
3789
1547
6448
7763
2889
1444
3244
7735
2760
8718
1211
744
8397
7805
6186
2614
4862
8984
7497
4308
7608
5799
306
4156
5884
7174
2082
7622
3959
6950
6533
4193
1565
5811
2703
2092
5442
6967
4818
2716
4244
3765
8975
4982
8043
6355
4752
8918
3150
8184
3607
1392
2134
2091
5298
4188
1450
4751
2872
2357
5744
3265
6785
5229
1320
5668
5708
1926
3695
717
6395
7027
582
3394
5458
3629
7120
7330
234
8106
5505
5833
5671
6528
57
6993
5540
2752
928
1481
834
3774
1573
992
2225
5381
4457
7922
6601
5446
6604
4216
3375
1941
1194
4912
3196
6366
2732
732
8011
1703
2920
2076
5284
7844
2295
6084
5370
6809
5147
5759
5476
3726
5784
316
7671
6395
7403
7253
5157
8599
3229
7597
5866
1288
7963
4209
1310
3381
5585
4527
5239
8565
5011
3131
2014
6695
5088
8639
2463
1745
5058
2394
1437
7206
822
8605
7196
4558
4583
2806
4901
1975
1240
7648
6566
6339
4606
2776
7506
7174
5106
5588
3627
3607
3026
3301
7726
7659
2256
5402
858
4059
8031
3900
4880
1364
1446
1996
999
8073
3641
1915
6532
4672
5847
8074
3313
4436
4765
8127
3237
8009
3417
3020
6659
4735
4873
4871
5236
7726
2604
6971
6393
7732
2876
7491
2095
1208
537
1431
2852
4059
3519
174
462
1512
8005
217
8703
6492
75
8944
7835
1415
1388
1763
4193
1369
1827
2790
4041
4547
3998
4868
735
3875
7268
650
6310
1975
8311
7920
318
651
1970
179
8251
1617
4187
539
1606
6146
671
1546
7744
1010
4025
504
157
7881
1411
7053
7705
2715
6455
3454
5460
2291
2662
3181
3227
7267
40
3211
561
8746
6933
238
4514
1626
8394
1886
8717
2862
8603
2718
3152
1348
5801
403
4437
3265
3956
3626
2881
8975
5331
7415
8939
6211
2535
8111
8196
6478
5121
334
7486
7343
3397
6529
2890
3694
8197
7590
6451
3600
8197
3175
3395
6920
7825
2671
8230
3437
8198
3455
4629
7389
8999
1802
2799
3564
709
1070
715
8650
5195
4974
4
6039
3888
8004
6439
7343
7705
5104
2939
4414
2596
5400
5796
5985
8930
7590
5296
2156
6559
8402
3232
7114
5630
2939
2543
6828
7026
282
3296
7216
1483
7157
447
5846
1575
4704
13
3023
6598
3188
3397
2067
8728
6977
3626
5791
5980
1098
7600
5525
5131
7839
1952
8537
6700
5695
1467
6018
6103
1768
3397
3639
7295
2163
1340
381
6664
1009
67
8994
6399
5498
5054
7107
8183
2593
6023
290
3469
6855
1795
3271
5157
727
8768
7741
4553
5331
2066
546
6166
4223
5440
8459
8321
2979
603
8157
8104
7831
2667
2668
4511
3195
1763
2675
4172
4375
3264
1234
2284
5950
2385
3750
4869
4475
4065
732
6181
5804
6918
8757
3950
6490
7056
2810
1713
3988
5195
3279
7267
3438
5719
177
8328
5872
558
4920
2152
5382
1542
290
7821
216
3869
1962
2095
8109
2317
1125
1020
1477
2428
2308
1347
8625
316
6422
5087
5707
2411
7721
4717
3494
7791
1853
4997
2754
7213
6437
1238
4385
6579
8385
2303
752
500
5441
8230
951
1860
713
935
8819
2542
399
7301
4709
1436
1094
6000
7608
7808
2197
719
8860
4143
2261
3686
8676
7690
7787
6466
1075
8393
4305
1241
5389
517
7249
1640
1108
1097
7368
4738
8474
5742
6965
3815
7682
174
1548
326
754
4035
4061
7639
906
6789
4396
2784
2346
3173
3103
1861
857
2374
4925
7599
7451
2198
3135
6111
194
111
2938
67
3308
4183
4945
7476
4235
2668
2687
601
2444
4177
1239
1882
8958
7946
8367
5100
3913
1906
1519
1655
7502
4201
3941
3107
2101
51
5141
3473
6253
7852
7424
8779
6333
1803
1587
3852
6655
3660
3800
6110
6490
6332
3383
313
2408
2265
5830
5247
8872
5659
8381
4509
8517
665
1499
435
3185
2933
5266
5165
6348
7915
3557
5637
8844
36
7355
8307
2823
4972
1945
7135
3994
8972
3843
5692
5458
6353
370
2013
7185
7784
1332
4031
2140
3671
5311
8713
5455
947
4546
2064
8342
1834
3047
7077
5707
6803
6845
1179
5944
5859
8252
5748
7139
3852
1182
270
1656
1855
7724
8700
5977
7784
4685
851
2390
1977
8442
6160
1250
372
8801
7605
7468
4873
4871
3407
2499
6247
716
5235
4866
5836
3392
8365
839
8939
1360
6574
6482
3117
7776
1756
4967
3225
4131
6571
7181
7993
8875
5580
3370
5700
1076
5318
391
7686
5608
3823
8610
7435
5220
7698
2015
6477
2390
7377
53
6989
5359
1852
4638
6140
7736
6106
3366
5100
6115
2073
2607
7591
1216
6218
4712
6610
941
1440
2008
2632
1837
3539
2134
4090
7629
2289
6258
6888
3631
8057
5901
8768
6424
6609
7577
3063
5699
7182
243
7131
5146
8879
4960
4056
1965
6579
3761
8633
5365
2286
8973
6389
8280
2646
8088
7991
6926
8647
186
7994
5752
4554
1042
345
6791
4030
2901
3108
4191
4647
5013
7352
3977
4152
3360
2385
5158
5383
1532
8010
1395
8649
4757
3220
2098
831
2273
7475
6318
4454
7760
1436
6002
7258
7867
2211
8409
4378
2622
3521
100
6176
491
4699
8143
8232
2936
1306
4370
1548
322
5455
7712
386
6057
8551
1297
5411
2796
3869
403
523
6431
5975
3854
5182
4700
308
8716
8114
7246
7450
429
8354
7731
2714
6467
7020
307
5550
5992
1751
674
1759
1631
4595
475
239
7873
4778
929
3150
8215
3564
1562
5417
3885
275
1928
44
6522
5052
7366
3510
4664
11
200
8886
6211
401
5245
1817
1357
3762
7289
6461
5471
1106
3764
7368
4338
5729
5572
1940
937
6959
4176
1886
5673
394
8463
2751
463
6738
6928
6436
5457
6919
8683
8231
1157
990
8095
4771
2244
7887
7772
775
937
7899
5680
2285
6876
8866
8257
7773
4176
8829
3828
7575
3293
1949
2304
5697
2518
2360
7265
7318
5900
8979
2705
6159
3455
592
6587
6574
7934
3803
803
3234
5091
2063
2632
3315
3496
1810
4549
5807
7189
3871
706
8117
4110
6252
4435
7745
2880
561
1087
4165
8918
1118
291
801
7246
6637
3870
6822
6467
3176
5048
7813
5163
4994
2536
5788
6056
4546
8082
7337
8250
125
6688
3814
5182
3930
5051
897
4718
3268
359
6846
7021
2580
1491
8286
1401
5448
5691
3188
6070
4951
4184
8714
6140
2170
1144
759
1296
3812
2745
4471
5903
3966
542
7617
2492
5554
5220
165
5968
1845
2833
2216
1621
5995
8758
1028
7149
1402
1995
1978
1219
5574
787
1466
6114
2673
941
1167
8249
4834
682
6106
776
2672
2479
6801
553
4520
304
3318
3615
1257
6738
3977
8132
2410
6887
3236
7076
1697
3654
551
577
5793
6237
2582
20
7988
6897
2212
3948
5275
1546
7632
2374
5530
2502
3007
6117
8187
8720
4250
5746
220
8047
6132
5642
2424
8187
1363
489
3041
5722
1244
1642
2303
5586
3280
8967
3140
1633
8970
8247
1342
5487
2761
8476
926
875
6386
7800
4016
7518
5213
8813
2716
6375
6644
2902
7022
691
8986
2247
4724
6518
7093
7518
4023
8033
875
7965
6460
1311
6996
8622
2138
2677
8737
3050
5853
6476
1829
5998
6819
6586
2949
6238
6992
2212
5972
2556
8104
4628
8603
887
6219
2932
557
5808
899
5645
4060
7567
7419
2702
8278
2985
5818
4270
2670
7740
4570
8523
2844
7623
3967
574
2673
4385
3558
8967
2432
104
4876
120
985
2314
4893
5134
8160
2819
5686
4863
2351
6881
4601
4552
8822
8954
641
2351
2885
6041
5189
601
5517
5455
2937
3015
1487
244
8204
1646
7762
6390
4901
2094
6091
7552
488
659
6223
476
7993
8021
8537
3631
7685
3967
4939
5047
6013
1045
2641
5046
4284
969
4169
1812
7105
3651
187
8358
391
5935
4685
4210
4395
5364
492
6936
5510
8822
3825
8030
2701
2014
536
5861
1988
5021
6149
4814
83
1030
8585
4492
8622
5023
5044
2239
4560
7757
3700
9
2124
6061
3441
4380
3073
708
3420
4891
8176
5740
2923
1760
1833
5713
3355
7553
3423
6092
5171
7027
8304
8228
2556
7626
4282
442
4793
6625
7052
1405
2209
560
1367
6341
8404
5843
4835
4435
547
4060
2138
677
1470
4726
6322
8270
4328
6224
4661
8713
1942
3255
4761
6175
1397
867
4941
8972
3953
2252
813
3164
8784
4611
7899
2770
3384
7985
3859
6240
6190
3571
6526
7083
770
3261
3232
3098
6622
4755
3026
5297
7836
6957
3540
1315
8105
3639
8451
7930
3754
383
3313
3213
1675
5740
1041
2163
7572
3297
2619
4657
2637
627
858
8292
1553
2815
2905
8752
3635
4776
3622
1614
7500
5960
2683
1134
4984
6857
3529
5674
531
4968
3966
8242
1620
6265
2068
907
1265
1360
6215
6787
2031
6657
8476
8764
1800
997
646
8202
1452
6301
2967
5897
5032
2964
5862
7179
5112
4497
7337
509
3211
793
2380
6578
8107
8187
1801
5076
29
652
4658
5364
875
6458
4630
2134
6138
2197
8904
3739
732
8301
8682
7051
2976
7021
6830
34
4556
7354
2616
4149
2342
5234
5548
5603
6827
5573
4114
8933
219
2249
8923
3118
5841
2766
1766
5838
8116
3588
4205
4214
7408
7374
4423
7338
6904
4338
8885
1923
7761
4102
5284
4009
3965
3346
3453
1422
1150
820
3955
1713
883
1463
6808
7513
8913
5781
3001
3667
1895
836
720
3616
6417
95
5009
3392
7718
1745
2731
2513
5538
170
8011
7806
7681
6482
7889
204
2793
4308
3095
8996
725
1069
470
1598
5289
1101
6553
4322
8834
8448
1831
6727
7215
5222
6858
3414
5305
8721
3278
1152
8005
2128
4331
5720
5090
5546
3135
6162
7369
1837
6501
2566
8198
2074
6893
7446
6130
7756
6710
5635
6776
5637
8569
878
3962
6475
4338
1468
3206
8847
6991
1988
4739
4283
7833
3345
3511
7590
354
339
7440
4536
1621
301
4179
2980
5984
5495
4825
118
235
1256
6684
7511
6784
5765
7333
7474
8789
1549
4959
8750
7019
5068
2546
2992
1202
8460
4310
401
5263
137
2386
1205
3459
4615
2986
5877
1360
8276
4822
2652
8480
4088
3614
4459
7282
7681
5530
4689
1034
7415
2076
46
123
1115
5554
7864
6859
265
7364
285
4773
5728
247
8952
3930
8046
7380
7533
2458
6418
7955
1355
5916
4406
8276
635
5366
8259
7556
3878
2765
4473
5091
4700
2295
164
8480
6453
6557
5166
7213
4348
6191
8331
8483
2414
4098
1779
2251
429
2290
8622
4111
488
1601
8809
26
1709
2372
3773
1327
7501
1733
5492
6519
3298
2338
5808
7134
3045
2764
8050
247
5749
3331
4629
3465
2392
3308
5455
2268
594
183
512
3841
4266
510
1169
46
8348
6304
6903
7827
2087
665
3982
4915
6351
6755
4122
2171
3557
1235
8968
1189
6540
6997
8098
5351
3830
3385
8272
6459
3553
2943
4689
2210
1814
7661
3312
4992
2506
4671
440
7353
494
8191
7733
4077
180
7922
994
1147
2085
1188
1479
8014
5252
8652
113
2564
2136
4373
8654
5137
1503
8000
5508
2662
7647
4244
5290
2709
1672
2293
2203
5426
6853
5734
2399
7719
8194
1566
1430
2024
2551
8174
7293
1285
8885
4045
3636
6226
1120
530
8768
7305
4021
5131
7900
4968
3164
2874
2135
3630
1374
7080
6811
1880
1143
8496
7381
75
6502
4465
3955
4188
1632
4353
534
4535
1611
2205
1967
4119
380
3243
98
4833
3138
2554
8428
128
8078
6624
3899
1422
5327
7166
7449
8286
5132
6874
8380
2985
3986
8320
7523
2041
5578
1992
1505
521
6955
8052
5966
4446
4107
1032
6603
7945
7040
4575
8666
8649
6511
4082
1864
5910
5556
6467
6517
2083
5408
7113
5730
5017
3382
1155
8129
6434
728
1621
8909
7264
1711
5080
278
2254
3622
3337
8213
8517
2468
4663
8960
2432
6807
1905
6273
7596
2282
7589
7796
60
3517
5530
5881
4150
8369
5059
4459
7022
8899
1710
2062
7743
3988
5559
7784
5342
2560
7278
2814
1707
7077
2346
6401
270
1360
2031
2820
5213
5770
387
2790
1413
5595
5185
3583
5241
2350
131
566
1093
7989
5968
120
574
3823
7902
265
1587
4127
887
8561
7933
4236
5710
6614
8422
755
4667
6492
4325
5157
4968
2069
1401
2592
2886
725
5546
4712
6275
3093
6402
143
4524
4466
8622
5443
5079
2275
2856
7789
6956
6666
7608
2225
1045
7949
3002
653
4418
8483
5754
4410
7379
8432
97
2472
8164
5911
2435
566
455
7715
7102
3992
3848
7674
2818
552
5944
800
1461
6954
5713
8123
5110
4267
1378
3039
982
7735
3151
7356
479
8337
145
5657
7804
8108
6257
2736
7124
7661
1075
6293
2532
238
6017
8020
4489
955
8603
3336
2786
6722
3176
3904
5237
5033
6052
1166
3740
7086
7967
6286
5698
231
7059
8030
7384
5485
4295
1268
3343
153
290
6539
7226
6322
2742
3865
7580
5566
29
3799
7968
5354
5403
7387
8912
8468
7382
6261
4415
3363
8122
648
795
2137
1413
865
7519
6703
3737
3929
6849
1690
3203
3151
2033
2450
2570
2937
7198
4260
5611
7640
4967
5166
3266
8954
2871
5998
612
2810
6694
6917
2406
1683
4418
5120
5633
2577
6723
7693
6691
410
936
7120
6833
8194
1450
4585
4824
2690
58
6978
4357
8038
6411
4089
8457
5815
5034
4740
6831
3452
93
4020
6347
6310
8521
6475
2113
6420
3625
6806
8941
7122
6909
6451
6830
8894
2002
8956
5226
6427
2312
7730
4453
432
6445
1398
8760
5183
2635
8324
7587
3357
6948
1277
4931
7891
4058
5813
685
5002
5317
6863
4215
97
2935
2541
1120
3286
8438
5904
7148
442
1386
5784
7154
22
818
7499
6248
1986
2931
3943
7417
3704
6095
3381
4600
4975
1323
5214
4715
8993
475
1600
7771
112
8635
798
4838
3726
8366
2630
1440
2362
4839
3984
4732
7795
5051
6805
8687
224
5506
360
5779
2328
7236
3816
5199
279
1680
8275
7477
802
3154
6401
1187
6221
7361
1727
7917
5136
3599
7781
6562
2575
8893
1193
6231
7162
7358
2479
3335
2443
1766
2779
440
6628
7753
2335
2464
1127
6079
4725
7831
1737
7428
449
1474
8382
7257
1094
7454
1081
7774
3636
7988
4422
3430
8813
6844
2400
2806
6070
1177
1360
4315
6859
1716
3333
3793
2848
1665
2798
4245
3075
6840
8080
166
3273
4392
925
7750
3111
1273
6711
2142
6980
7043
6773
7637
6606
5440
8806
4612
3650
3209
7312
4876
8956
7438
2527
6493
2647
5933
4887
7193
3843
5221
2234
3254
798
1092
7936
8122
475
2083
1817
2253
3540
7646
4975
1946
2867
791
2017
4031
6183
6932
4026
5444
3417
2406
6008
6506
5278
8425
4243
5330
3803
6502
780
5059
6493
774
8753
2302
120
7660
1000
8874
6803
8416
6697
4672
5519
221
1701
3331
6031
2407
3410
7408
7453
5938
7664
5048
2598
8212
8284
1250
3680
5842
800
8653
1790
6758
4011
444
2550
848
4814
2717
5974
2637
8217
989
2792
7723
6009
6852
5491
3635
1209
8578
7403
6412
7148
6931
4720
4667
7115
6009
374
2879
7378
7171
5043
8431
4122
3669
4777
7169
4624
6652
800
4238
1349
3337
906
5932
4877
8740
7820
7797
3303
8076
2604
1679
2759
3318
264
3732
6244
795
2067
8062
8775
4468
5393
5348
5256
201
8068
2287
2163
8529
130
7726
8520
7896
2641
2612
2474
340
7504
8075
2397
5901
1350
6844
2573
3843
3744
52
4121
5520
8642
4938
5124
1591
5562
1803
7795
3226
8877
1187
7511
559
2075
2123
5599
4183
1722
7326
4293
4573
447
3305
535
3879
2411
8659
8950
8630
3489
8812
6080
3059
4729
5289
8428
3630
7651
1036
3473
5129
3082
8018
7988
3128
7352
7703
3915
6209
4804
3611
7606
2755
2455
6048
8874
2932
8955
4432
1600
1975
3368
2860
958
379
1036
6638
4234
1072
4106
4595
7577
428
3383
7308
2265
6441
2760
5558
1658
3431
692
4037
4966
2570
206
120
8856
104
3752
6283
7346
6344
5390
6076
8801
8254
5401
4444
7494
7476
7084
2947
4408
7770
5523
5766
8805
8762
8779
1921
225
4175
8090
2549
1345
8204
4172
6546
6092
3497
1217
3362
5377
5925
4986
4457
5789
119
2681
6660
166
7593
988
5322
6230
8800
3240
7940
243
7859
6935
3683
6714
2319
589
2454
7205
6072
4585
6381
4795
2799
224
8394
1297
6925
6868
7749
3318
6548
8404
4493
7655
4022
6513
7882
4647
8336
4255
7924
6956
5920
6809
1837
5834
8131
1126
2352
8340
2917
3563
5401
3996
2210
3135
136
4616
2138
4144
7724
6600
8003
2117
1579
6083
1514
1866
7342
3108
5923
8157
7316
4644
149
606
6985
1629
7485
8528
7903
7521
1285
5432
1339
4680
1703
4251
4564
5278
1917
6957
8966
4571
6490
6918
6165
6122
417
3857
6111
2352
6137
5143
1842
5045
657
4633
3982
8583
4235
29
6244
3038
4096
8496
1479
5918
8277
8041
2884
4567
6970
2357
2085
591
5322
6059
5398
2625
406
4901
3917
8738
6062
7303
4365
1902
3486
4271
8007
4300
6576
6363
6859
8736
427
2743
6575
2226
2039
5368
878
3795
209
7266
3105
7056
5247
686
5639
6532
8519
455
4962
6448
1737
1844
4631
3621
7191
6222
8041
2633
2731
3584
3590
7578
7546
3422
624
7180
1194
8535
1061
8318
5381
8641
4776
190
342
150
8567
5421
2862
8952
7098
4465
2449
5381
5738
3032
2937
3360
750
779
4988
2208
1821
1705
4229
5482
227
1552
7787
7434
5518
3128
397
8472
4343
3636
4871
1861
4513
1079
1371
5028
5093
3695
5685
7248
5926
5560
8429
1186
3118
478
561
3726
3798
4847
5257
7445
3317
5877
7425
2437
484
28
4963
6567
4590
4949
1039
447
7136
7908
713
8240
2400
3110
2470
1820
238
8249
3528
6638
6732
8329
5188
3606
4592
7750
1803
6570
2573
7200
1696
3379
4066
3936
2249
1231
2049
3402
8121
8303
2580
7896
8405
1910
3255
1103
6486
8683
2784
2211
8530
5389
3827
8331
8101
4280
8931
2915
89
3409
5485
2061
2241
184
4657
3340
8406
4846
4088
7777
2177
6971
2395
2117
6752
1101
4655
2937
7712
1110
5315
1529
1266
3329
3475
3894
5685
5733
4601
2322
39
2093
5950
6689
5758
868
5731
2276
4944
1127
4570
879
8303
5082
5876
684
7190
871
4597
6626
7629
1736
2172
8133
8461
8054
6686
8094
1451
7351
2155
6695
8119
7743
2534
6785
4825
2646
8999
7231
5197
1702
6417
2074
4135
7121
6919
4958
2507
5111
749
6660
1926
4860
3118
7002
6750
4474
4060
4734
6385
140
4288
6624
7779
6730
2338
7834
7873
682
4988
7512
3088
6026
1881
3844
8361
669
2511
8403
1454
4482
5134
975
3950
4006
7471
5635
1923
7300
2915
3054
2592
7669
4923
4861
6588
295
8510
5493
6609
1401
340
954
5277
7406
8773
3140
1697
4778
5246
7242
218
8387
1341
5587
7349
1303
3581
375
4752
8132
5637
1373
558
5573
8090
4538
7171
848
5948
2895
5450
7575
7126
6471
183
1194
2232
2614
3507
2806
2110
6647
4365
127
5703
413
6343
5676
5938
414
3442
8999
6351
2075
3273
839
5558
5088
1532
8584
1009
1112
6322
5746
4263
3037
477
6593
4601
445
4965
5476
512
7286
4626
2025
6167
8283
2048
4141
564
8129
4089
1192
8026
2371
8100
692
7540
8846
8727
4109
8271
4164
8690
5424
1036
7619
3878
186
1644
2608
6359
3230
3627
1747
7975
6208
5357
727
2709
1570
3392
953
8834
382
827
4888
8599
3759
3237
540
2806
8751
3799
4431
2915
338
7017
1377
7114
5561
7267
6113
490
7132
7270
3771
456
6212
6215
192
4438
749
7922
1994
618
496
3129
3553
795
5286
7476
884
7035
4604
2407
6209
2569
8015
5150
7888
2527
7804
1028
5526
3244
6266
3037
5914
3642
171
4161
752
1262
2589
3709
6010
8508
4157
565
3202
8797
8863
7231
8925
6009
1706
3912
7195
5191
4438
1865
1226
3166
8096
135
6312
7960
2169
1263
8861
8237
2048
6503
8265
8178
8305
4898
7864
7201
4878
7894
7656
67
4177
6321
3020
6446
1808
1028
7344
498
2117
7711
7588
871
8577
8363
6901
8471
3473
6405
2709
6581
3486
282
8483
1178
7390
8713
2904
8310
1752
8091
4232
8737
1323
2296
4460
2905
1881
7619
6249
2938
3011
1241
6674
8128
5887
8118
4708
5997
7392
1065
2281
4631
6550
982
46
6867
1082
7112
2445
6662
6921
7267
1829
883
4881
480
6106
5947
6993
450
5392
7980
5475
5088
857
5830
1029
1896
521
2153
7535
7882
5603
6828
7289
2705
6453
770
7336
6919
6396
248
3540
4367
1624
8821
2335
1693
382
1724
3181
8494
1952
4215
3701
4751
317
2523
5697
3344
8550
5537
7119
2990
4381
7141
346
1440
7119
2528
4024
278
4112
2979
8860
3078
3874
8921
5012
3783
8078
4522
4904
7816
2155
4819
5570
7003
8224
6498
4322
8566
5140
3007
3535
90
2300
1689
5973
100
4947
6822
4477
8982
4974
567
8399
3677
2912
915
2797
974
3746
5116
6721
416
8340
4691
7914
6431
3098
5120
3625
2206
6670
834
2076
4170
4090
6428
41
7966
7419
1949
2599
6670
5027
2963
2876
1553
4662
6322
3243
6062
1428
4033
4613
8926
8206
2574
288
861
608
4587
7191
3523
8367
4544
6266
3524
5498
4224
822
2006
8064
5030
5684
7823
943
1540
4422
4778
5030
4455
5839
7117
7639
216
945
2592
6562
2020
4539
6411
358
3839
4500
3417
8822
4863
2835
1295
3516
5962
61
6028
5592
5756
5102
6549
4655
1630
7972
4270
546
2612
251
5641
4302
8889
4126
8029
8494
4712
2691
833
7224
8275
3910
4615
6216
6363
4043
8759
4316
4344
7004
1119
1982
6965
4076
1351
5522
6100
8582
3032
3578
252
4301
4379
2303
5513
2634
1188
1837
6083
2061
8755
3702
1685
8752
1773
3263
1424
4286
4607
5149
6438
7240
378
5792
96
1360
3127
5289
704
707
4666
1237
7690
3244
893
3146
6444
3568
5681
7347
3154
6189
915
6394
3161
2994
1760
4218
6486
4066
3421
1116
5767
6860
6930
8367
4340
4564
8038
2287
1378
690
8230
5366
2317
6405
4214
5711
6776
4643
7204
2322
4591
8282
6775
7461
5647
7792
3965
1533
5676
6625
8085
5403
2891
3084
5106
7748
1302
6903
1245
2186
8405
6076
6686
8242
3856
5894
8319
1252
4760
4593
2785
3493
8015
5831
3644
5056
3891
2454
2595
8052
3473
3675
638
870
8748
7835
6115
142
4832
3428
7
5853
8463
8040
3164
8774
4252
4893
286
8729
3561
4783
7825
7517
6226
2872
8429
4596
5403
7406
5439
7906
3505
51
7778
4271
7726
1838
8903
6823
6739
5520
1119
2513
4965
5373
864
5160
4614
699
6839
4342
7385
6627
2829
6919
7843
6114
4485
3402
1862
4699
4058
6998
8130
4074
3481
733
4210
8682
1334
4650
8479
3178
3949
4075
1999
5304
1478
6904
4230
6909
6420
7294
3430
3389
1670
3012
307
4502
5919
3523
962
4548
1254
1067
5692
5870
3486
8019
7102
5960
7159
5337
7452
1608
6875
6422
3938
1679
1761
8954
883
1248
3449
6847
38
4804
6843
3226
7335
8973
112
6603
209
767
7147
8546
7990
3822
6703
2041
2738
2747
8229
7071
2834
597
6621
4520
4285
7624
592
6548
8252
7388
7452
1998
5763
4928
6454
7881
7230
8988
8056
451
5452
1599
7844
735
5608
1808
8101
8479
5884
1931
8201
7215
6723
321
741
2716
6228
3978
3545
4128
1584
6190
5623
4917
4754
2579
2175
4997
5943
1107
8311
1755
5678
4524
7277
3119
6347
5980
7774
234
3199
446
5707
6280
4846
5850
3201
7155
3939
4429
4266
5087
447
1880
8453
1561
8168
2613
4075
1959
849
3770
560
5146
4800
7588
5827
928
3108
3171
4042
7634
5159
602
3070
6027
6179
1794
142
2878
138
5471
6647
5697
3510
2969
1441
2628
5392
8651
4261
6322
2654
5865
3086
8271
35
6451
2953
4697
8114
1748
3690
8024
4197
4835
3798
4185
6427
4467
1575
4684
6959
1829
7790
8628
3669
6270
6652
3271
6299
6217
5452
4166
5131
1625
2656
6121
2518
3461
3188
3219
8721
6524
1369
2694
6523
2433
5077
3744
4010
5380
2447
7288
7818
8800
5
8048
3400
6615
6536
864
3128
2823
6016
8211
8109
4961
211
8159
5496
6251
4285
1759
8641
7530
5038
1
6302
7094
3734
5407
1527
4947
6596
7496
1092
2949
690
4719
2956
1034
3691
2294
5418
5316
5279
5189
4055
662
8584
3291
301
5259
835
8476
6752
4061
7454
5550
2911
5662
4715
6979
5068
5195
4385
8892
3156
2662
3342
4122
7818
4825
6437
2847
4673
739
8011
6275
5923
1468
3687
7340
4364
2642
7624
4606
8019
1609
8653
2381
3448
8328
3752
1098
4860
4129
2212
8203
8314
3228
337
4229
3708
97
4408
3194
5743
291
8066
1397
2200
4358
5266
6904
5205
3311
5322
7717
3667
1655
3132
7143
562
7143
7233
3650
7092
4258
7986
634
6893
6489
4851
8544
4685
8059
8847
7385
5683
651
5172
4754
5430
7404
5804
1518
2897
4276
4473
8248
1566
1563
5612
1586
3351
1248
7198
2875
6761
4384
5413
1784
3283
8904
2490
2684
8281
8629
7069
8333
1520
50
2464
4286
5859
5465
4045
2330
1442
8782
4570
1385
5940
6654
7658
1562
2418
5352
86
5947
6222
3803
4618
3208
3309
543
1216
2426
5983
8894
2554
4827
7372
7123
7672
6975
4026
7022
3705
8240
8419
8115
4875
2959
235
5428
7303
8734
7741
7157
872
4481
3438
2985
6184
7883
2171
3570
6377
8721
7671
1195
5423
7886
7326
4844
517
8696
2492
3758
5025
7712
367
1829
6785
5003
2035
4735
6884
5626
8561
3313
1813
8326
8968
1574
4657
5415
7989
8928
1371
8413
3209
7019
4097
1162
5687
5289
8603
4483
4948
974
5432
2174
8710
5528
200
1961
7224
1080
333
3501
3347
5752
5297
5365
1815
3061
8394
5602
3129
5539
3529
8360
4047
1874
7871
5964
2207
3717
8599
5692
4188
6583
529
297
8836
1057
2613
300
4860
3993
7735
2651
6321
1055
1428
714
2722
8246
6616
5669
4100
6093
744
4883
1174
1790
7589
5004
1946
3205
7440
4277
7461
6776
7091
3017
2834
2591
7560
8121
3535
4606
4842
3915
5802
1155
8099
1634
3390
4561
6225
6856
4599
7196
3676
1811
4890
663
3854
6308
3105
5693
8885
2360
369
4663
797
4576
4577
5116
3473
3850
5586
4024
8905
4858
1189
3456
6620
1892
4746
4083
2366
3627
2141
5243
2969
6510
5286
7439
3380
1342
5491
1568
314
3309
4848
6950
7869
7722
5179
284
4737
6664
3359
3231
3975
6634
4403
7683
2443
6066
1375
2409
1542
8613
8965
8684
5673
7600
5225
7450
5105
8421
1669
4149
6164
1701
5261
8661
5519
5181
5441
1191
4172
4216
4728
8017
5504
3829
3411
1042
1082
6212
5350
6249
2579
5878
2056
285
6117
3888
7667
3447
6808
3416
8944
4440
1425
6723
8076
730
830
7458
5182
5336
7038
466
